image: first_drive.pgm
resolution: 0.100000
origin: [-100.000000, -100.000000, 0.000000] # The lower left pixel of the map
negate: 0
occupied_thresh: 0.65
free_thresh: 0.196

