image: next_drive.pgm
resolution: 0.100000
origin: [-100.000000, -119.200000, 0.000000]
negate: 0
occupied_thresh: 0.65
free_thresh: 0.196

