image: third_drive.pgm
resolution: 0.100000
origin: [-132.000000, -186.400000, 0.000000]
negate: 0
occupied_thresh: 0.65
free_thresh: 0.196

